 &FEEDBACK
 SAVED_CBSHE_CORE =    0.000000000000000     ,
 SAVED_CBSHI_CORE =    0.000000000000000     ,
 SAVED_CBSNA_CORE =    0.000000000000000     ,
 SAVED_CBSCH_CORE =    0.000000000000000     ,
 SAVED_CBSNA_PFR1 =    0.000000000000000     ,
 SAVED_CBSNA_PFR2 =    0.000000000000000     ,
 SAVED_CBSNA_SOL =   6.0861156505793240E+019
 /
